[gd_scene load_steps=4 format=3 uid="uid://dg7u2a0vd34lm"]

[ext_resource type="Script" path="res://weeh.gd" id="1_p3bjf"]

[sub_resource type="BoxShape3D" id="BoxShape3D_1f7pv"]
size = Vector3(14.4119, 0.326172, 17.0889)

[sub_resource type="BoxShape3D" id="BoxShape3D_gtbhr"]

[node name="Node3D" type="Node3D"]

[node name="StaticBody3D" type="StaticBody3D" parent="."]

[node name="CollisionShape3D" type="CollisionShape3D" parent="StaticBody3D"]
transform = Transform3D(1, 0, 0, 0, 1, 0, 0, 0, 1, 0, -0.3, 0)
shape = SubResource("BoxShape3D_1f7pv")

[node name="RigidBody3D" type="RigidBody3D" parent="."]
transform = Transform3D(1, 0, 0, 0, 1, 0, 0, 0, 1, 0, 2.10102, 0)
can_sleep = false
max_contacts_reported = 10
contact_monitor = true
constant_torque = Vector3(4, 0, 0)
script = ExtResource("1_p3bjf")

[node name="CollisionShape3D" type="CollisionShape3D" parent="RigidBody3D"]
transform = Transform3D(1, 0, 0, 0, 0.997206, -0.0747003, 0, 0.0747003, 0.997206, 1, 0.000999928, 1)
shape = SubResource("BoxShape3D_gtbhr")

[node name="CollisionShape3D4" type="CollisionShape3D" parent="RigidBody3D"]
transform = Transform3D(1, 0, 0, 0, 1, 0, 0, 0, 1, 1, 0, -1)
shape = SubResource("BoxShape3D_gtbhr")

[node name="CollisionShape3D3" type="CollisionShape3D" parent="RigidBody3D"]
transform = Transform3D(1, 0, 0, 0, 0.992457, 0.122597, 0, -0.122597, 0.992457, -1, 0.00300002, -1)
shape = SubResource("BoxShape3D_gtbhr")

[node name="CollisionShape3D2" type="CollisionShape3D" parent="RigidBody3D"]
transform = Transform3D(1, 0, 0, 0, 1, 0, 0, 0, 1, -1, 0.002, 1)
shape = SubResource("BoxShape3D_gtbhr")

[node name="CollisionShape3D5" type="CollisionShape3D" parent="RigidBody3D"]
transform = Transform3D(1, 0, 0, 0, 1, 0, 0, 0, 1, 0, 0.199833, 0)
shape = SubResource("BoxShape3D_gtbhr")

[node name="Camera3D" type="Camera3D" parent="."]
transform = Transform3D(1, 0, 0, 0, 0.950424, 0.310958, 0, -0.310958, 0.950424, 0, 2.76529, 6.38075)
current = true

[node name="Label3D" type="Label3D" parent="."]
text = "HIT"
